position	49-00	49-08	49-12	49-16	49-20
3595000	1.067	1.084	1.077	1.024	1.037
3695000	0.991	0.933	1.01	0.963	1.024
3460000	1.159	1.089	1.094	1.029	1.085
3845000	0.877	0.882	0.858	0.906	0.848
3640000	0.968	0.985	1.004	1.004	0.983
3835000	0.8	0.793	0.802	0.794	0.78
4110000	0.991	1.027	1.015	1.04	1.024
3805000	0.999	0.99	0.976	1.009	0.997
3560000	1.006	1.011	0.982	0.983	0.956
3865000	1.052	1.048	1.054	1.004	1.017
3630000	1.006	1.011	1.043	1.05	0.99
3885000	1.075	1.037	1.054	1.019	1.037
3735000	0.793	0.757	0.763	0.789	0.773
3240000	1.052	1.042	1.054	1.014	1.071
4050000	1.021	1.027	1.06	1.075	1.071
3925000	0.404	0.436	0.421	0.471	0.448
3750000	0.976	0.928	0.942	0.958	0.915
3600000	1.029	1.063	1.032	1.045	1.01
3625000	1.006	1.022	1.054	1.055	1.024
4000000	0.938	0.913	0.948	0.983	0.956
3430000	0.999	1.022	0.998	1.034	1.031
4170000	1.014	0.975	1.01	1.055	1.065
4140000	0.968	0.965	0.993	1.05	0.983
3650000	0.96	0.98	0.982	0.978	1.004
4095000	0.945	0.975	0.959	1.014	0.963
3495000	1.189	1.13	1.122	1.05	1.085
3220000	0.907	0.98	0.931	0.988	0.956
3235000	1.006	1.011	1.032	0.999	1.044
3355000	0.953	0.939	0.942	0.988	0.956
3450000	1.021	1.037	0.97	1.009	1.004
3900000	0.999	0.975	1.026	1.009	1.01
3645000	0.968	0.99	0.998	0.994	0.997
3370000	1.09	1.177	1.105	1.219	1.105
3260000	1.037	1.042	0.998	0.983	1.044
3510000	1.075	1.042	1.021	1.034	1.01
3945000	0.831	0.804	0.858	0.835	0.841
3815000	1.006	1.006	1.01	1.024	1.004
3620000	0.991	1.027	1.026	1.055	0.997
4035000	0.953	1.011	0.97	1.034	0.99
3895000	0.999	0.99	1.021	1.019	0.997
3215000	0.922	0.975	0.937	0.994	0.97
4130000	0.976	0.959	0.993	1.019	0.983
3330000	0.953	0.97	0.959	0.994	1.004
3315000	1.044	1.032	1.038	1.029	1.024
3775000	1.014	0.954	0.998	0.922	0.99
3745000	0.96	0.897	0.914	0.917	0.909
3570000	1.021	1.053	0.993	0.999	0.922
3565000	1.006	1.037	0.976	0.994	0.929
3710000	0.96	0.928	0.953	0.973	0.942
3860000	0.983	0.99	0.982	0.978	0.949
3705000	0.983	0.939	0.987	0.983	0.99
3335000	0.945	0.965	0.942	0.988	1.004
3940000	0.61	0.622	0.617	0.65	0.637
3780000	1.128	1.022	1.111	0.973	1.078
4195000	1.105	1.027	1.088	1.091	1.119
3830000	0.785	0.783	0.796	0.768	0.773
4070000	0.983	0.98	1.01	1.05	1.017
3350000	0.96	0.933	0.948	0.978	0.976
4145000	0.983	0.98	0.998	1.06	1.004
3530000	1.113	1.084	1.066	1.065	1.065
3380000	0.999	1.068	1.021	1.086	1.004
3420000	1.037	1.068	1.043	1.07	1.044
3875000	1.113	1.073	1.099	1.029	1.071
4065000	0.999	0.98	1.015	1.04	1.024
3375000	1.128	1.208	1.155	1.25	1.139
3545000	1.166	1.037	1.133	1.024	1.112
3960000	1.052	0.954	1.071	1.034	1.051
3690000	0.96	0.902	0.97	0.958	0.97
3395000	1.06	1.022	1.066	1.004	1.058
3725000	0.816	0.747	0.813	0.794	0.807
3715000	0.976	0.897	0.965	0.958	0.949
3890000	1.06	1.016	1.049	1.019	1.024
3970000	0.953	0.887	0.97	1.004	0.99
3605000	1.044	1.084	1.049	1.07	1.01
3635000	0.96	0.996	0.993	1.014	0.97
3440000	0.968	0.996	0.948	1.009	0.99
3455000	1.075	1.068	1.01	1.034	1.024
3365000	1.098	1.172	1.116	1.214	1.112
3660000	0.945	0.959	0.959	0.983	0.97
3585000	1.037	1.048	1.038	0.999	0.99
3675000	0.899	0.923	0.914	0.973	0.909
3870000	1.06	1.053	1.049	1.004	1.017
4015000	0.899	0.939	0.937	0.994	0.915
3700000	0.976	0.928	0.982	0.973	0.983
3400000	1.113	1.048	1.133	1.009	1.105
4120000	0.999	0.99	0.998	1.019	1.01
3265000	1.113	1.084	1.071	1.019	1.098
3300000	1.212	1.053	1.172	1.029	1.153
3880000	1.098	1.063	1.082	1.034	1.065
3475000	1.342	1.188	1.256	1.096	1.234
3850000	0.945	0.97	0.931	0.983	0.936
3225000	0.968	1.001	0.998	0.994	0.997
3915000	0.663	0.674	0.701	0.702	0.712
3790000	1.09	0.99	1.066	0.953	1.031
3655000	0.968	0.97	0.987	0.983	1.004
3245000	0.983	1.032	0.965	1.004	1.01
3580000	1.082	1.094	1.088	1.04	1.004
4165000	1.006	0.97	1.015	1.04	1.058
3840000	0.785	0.788	0.768	0.778	0.759
3255000	1.021	1.027	0.982	0.983	1.024
3785000	1.082	0.97	1.049	0.927	1.031
3320000	0.976	1.001	0.982	0.999	0.997
4085000	0.892	0.933	0.909	1.004	0.915
3950000	1.052	0.98	1.082	1.024	1.051
3280000	1.082	1.089	1.038	1.034	1.058
3305000	1.159	1.068	1.122	1.05	1.105
3205000	0.899	0.959	0.953	0.999	1.004
3955000	1.044	0.965	1.066	1.029	1.044
4005000	0.953	0.933	0.959	0.999	0.963
3670000	0.915	0.944	0.937	0.983	0.942
3345000	0.96	0.933	0.937	0.983	0.976
3980000	0.96	0.902	0.982	1.014	0.99
4100000	0.968	1.006	0.993	1.029	1.004
3680000	0.922	0.913	0.937	0.958	0.936
3535000	1.128	1.063	1.082	1.06	1.071
4175000	1.006	0.98	0.998	1.06	1.065
3575000	1.021	1.058	1.01	1.014	0.936
3825000	0.854	0.876	0.869	0.86	0.861
3310000	1.121	1.058	1.099	1.045	1.092
3515000	1.09	1.048	1.032	1.029	1.031
3275000	1.067	1.105	1.038	1.045	1.051
4080000	0.915	0.944	0.931	1.009	0.936
3290000	1.151	1.037	1.099	0.999	1.092
4030000	0.869	0.975	0.903	0.978	0.909
3505000	1.113	1.068	1.054	1.05	1.017
4055000	1.006	1.006	1.043	1.055	1.058
3765000	0.93	0.933	0.903	0.947	0.909
3270000	1.136	1.105	1.099	1.05	1.112
3555000	1.067	1.006	1.032	0.983	1.017
3325000	0.96	0.975	0.965	0.978	1.017
3285000	1.113	1.053	1.071	1.004	1.078
3910000	0.838	0.835	0.881	0.876	0.875
3405000	1.121	1.053	1.133	1.009	1.112
3590000	1.052	1.068	1.066	1.019	1.017
4075000	0.953	0.959	0.97	1.029	0.97
4150000	0.999	0.985	1.015	1.045	1.031
3340000	0.976	0.949	0.953	0.994	1.004
3990000	0.93	0.902	0.937	0.988	0.949
3445000	0.968	1.001	0.931	1.009	0.976
3210000	0.922	0.97	0.959	0.999	1.004
3425000	1.021	1.042	1.026	1.06	1.037
3525000	1.075	1.058	1.026	1.045	1.031
3760000	0.976	0.939	0.937	0.958	0.936
4025000	0.899	0.97	0.931	0.999	0.922
4190000	1.082	1.006	1.066	1.086	1.105
3435000	0.983	1.016	0.97	1.024	1.017
3200000	0.877	0.939	0.931	0.973	0.976
3385000	0.976	1.016	0.982	1.029	0.97
3615000	1.014	1.048	1.043	1.081	1.017
3795000	0.96	0.949	0.925	0.932	0.942
3360000	1.067	1.099	1.071	1.152	1.078
3520000	1.082	1.037	1.032	1.029	1.017
4020000	0.869	0.949	0.903	0.983	0.909
3465000	1.25	1.13	1.189	1.055	1.166
3490000	1.25	1.167	1.167	1.06	1.139
3965000	1.014	0.918	1.021	1.024	1.017
4185000	1.052	0.996	1.038	1.081	1.098
4045000	0.991	1.027	1.043	1.065	1.058
3930000	0.358	0.389	0.37	0.42	0.393
4160000	1.029	0.985	1.043	1.055	1.078
3820000	0.991	0.996	0.993	1.004	1.004
4105000	1.021	1.053	1.043	1.065	1.037
4090000	0.922	0.949	0.931	1.004	0.942
3485000	1.296	1.213	1.206	1.101	1.18
3390000	0.999	1.022	1.004	1.024	0.997
3250000	0.96	1.016	0.937	0.978	0.997
3920000	0.572	0.591	0.6	0.63	0.597
3540000	1.166	1.063	1.116	1.04	1.098
4125000	0.976	0.959	0.982	0.999	1.004
3415000	1.067	1.063	1.071	1.05	1.044
3610000	0.999	1.048	1.021	1.055	1.004
3995000	0.93	0.897	0.931	0.983	0.942
4060000	0.983	0.99	1.004	1.055	1.017
4135000	0.983	0.959	0.998	1.034	0.983
3550000	1.121	1.011	1.088	1.004	1.065
3975000	0.983	0.902	1.004	1.024	1.017
4040000	1.021	1.032	1.06	1.06	1.058
4010000	0.96	0.954	0.982	1.024	0.963
3730000	0.823	0.742	0.808	0.773	0.807
3905000	0.968	0.949	1.01	0.994	0.99
3410000	1.121	1.063	1.127	1.034	1.098
3935000	0.526	0.545	0.527	0.574	0.542
3230000	0.999	1.027	1.021	1.009	1.031
4180000	1.037	0.985	1.021	1.065	1.085
3985000	0.93	0.908	0.948	1.004	0.956
3740000	0.869	0.83	0.836	0.855	0.834
3855000	0.93	0.959	0.914	0.953	0.915
4155000	1.021	0.985	1.038	1.05	1.065
3665000	0.907	0.928	0.925	0.968	0.936
3800000	0.907	0.923	0.875	0.937	0.895
3480000	1.319	1.213	1.234	1.096	1.214
3770000	0.915	0.933	0.881	0.932	0.915
3755000	0.999	0.949	0.965	0.978	0.942
3500000	1.128	1.099	1.066	1.06	1.051
3810000	1.006	0.996	0.998	1.014	1.017
3470000	1.296	1.172	1.234	1.096	1.187
3295000	1.212	1.053	1.161	1.004	1.159
3685000	0.938	0.923	0.953	0.968	0.956
4115000	1.014	1.027	1.015	1.05	1.024
3720000	0.907	0.819	0.897	0.871	0.888
